1111111111111111111111111111111111111111111111111111111111111111111111
1111111111111111111111111111111111111111111141111111111111111111111111
1111111111111111111111111111111111111111111141111111111111111111111111
1111111111111111111111111111111111111111111141111111111111111111111111
1111111111111111111144441111111111111111111141111111111111111111111111
1111111111111111111141111111111111111111111141111111111111111111111111
1111111111111111111141111111111111111111111141111111111111111111111111
1111111111111111111141111111111111114111111141111111111111111111111111
1111111111114444444441111111111111114444444141111111114444444444411111
1111111111114444411111111111111411111114444141111111114444444444411111
1111144111114444411111111111111411111114444141111111111111141111411111
1111144114114444444411111111111411411114444141111111111111141111411111
1111144444114444411111111111111411411114444141141111111111444441411111
1111144114114444411111111111111411411111141141141111111111444441411111
1111144114444444411111411111111411411111141141141111111111444441411111
1111141114114444411111411111111411411144444444441111111111444444444441
1111141114111141111111411111111411411144444444441111111111444441111111
1111141411111141111111441111111411411144444444444444444444444441111111
1111141411111144444444441111111411411144444444441111111111444441111111
1111141411111111111111441111111411411111111411111111111111444441111111
1111141411111111111111441111144444411111111411111111111111444441111111
1111141411111111111111441144444444411144444444111444444444444441111111
1111141414444444444444441111144444411144444444111111111111111111111111
1111141411111111111111141144444444411144444444444444444444444444444111
1111141444444444444111141111144444411144444444111111111111111111111111
1111111444444444444444444441144444411144444444111111111441111111111111
1111111444444444444114444444444444411144444444114111111441111111444411
1111111111111411111114444441111141111111114111114111111441111111444411
1111111111111411111111111111111141111111114111114111111444444444444411
1111111111111411111111111111111144114444444111114111111141111111444411
1111111111111411111111111114444444114444444114444111111141111111411411
1111111111111414444444444111111144114444444114444114444441111111411411
1111111111111414111111111111111144114444444114444444444441111111414411
1111111111111114111444444444441144114444444114444111111111111111411111
1111111111111114111444441111111144114444444114444444444444444111411111
1111111111444444111444441111111144444444444444444111111111111111111111
1111111111111114111444441144441144114444444114444444444444411111111111
1114444444444444111444441144444444114444444114444114111111111141111111
1111111111111114111444444444441144114444444114444144111111111144444411
1111444444444444444444441111111144114444444114444144114444444441111111
1111111111111111111444441111444444114444444114444141114444441141111111
1111111444444444444444441111111111111141111111141141114444441111111111
1111111111111111111444441111111111111141111111141141114444441111111111
1111111114444441111114111111444441111441114444444444114444441141111111
1111111114444441111114111111444441111441114444444444444444441141111111
1111111114444441144444444444444441111111111111411111114444441141111111
1111111114444441144444444411444441111111111111411111114444441141111111
1111111111114111114111111411111111111111114444444411114444441141111111
1111111111114111114111111411111111444444444444444411114444441141111111
1444444444444411444441111411444441111111114444444411114444441141111111
1111111144444411444441111411444441111111114444444411111111141141111111
1111111144444411444441111444444441111111111114111111111111141141111111
1144441144444411444441114411444441111111111114111111111144444441111111
1144441144444444444441114411111141111111144444444111111144444441111111
1144444444444411444441114411111141111111111111111111111144444441111111
1144441144444411444441114411111141111111111111111111111144444444441111
1144441144444411111141114411111141111111111111111111111144444441111111
1111111111111111111141114411111141111111111444444444444444444441111111
1111111111111111111441114411111141111111111111111111111144444441111111
1111111111111111111441114411111141114444444444444111111144444441111111
1111111144444444411441114411111141114444111111111111111111411111111111
1111111144444444444441114444411111114444114444444444111111411111111111
1111111111111114111111114411111444444444444444444444114444444411111111
1111111111111114111111114411111111114444114444444444444444444444411111
1111111111144444444411111111111111114444114444444444114444444411111111
1111111111144444444411111111111111111111111111111114114444444444411111
1111111111144444444411111111111111111111111111111114111111111111111111
1111111111111111111111111111111111111111111111111114111111111111111111
1111111111111111111111111111111111111111111111111111111111111111111111
1111111111111111111111111111111111111111111111111111111111111111111111
